[gd_scene load_steps=2 format=3 uid="uid://dy6781obdw22b"]

[ext_resource type="Script" path="res://Scripts/ModelProperties.cs" id="2_6mvro"]

[node name="Skeleton3D" type="Skeleton3D"]
bones/0/name = "DEF-spine"
bones/0/parent = -1
bones/0/rest = Transform3D(1, 8.62516e-08, 2.24157e-07, -4.85279e-08, 0.986603, -0.163137, -2.35224e-07, 0.163137, 0.986603, -4.00468e-07, 1.71894, -0.161414)
bones/0/enabled = true
bones/0/position = Vector3(-4.00468e-07, 1.71894, -0.161414)
bones/0/rotation = Quaternion(0.081843, 1.15232e-07, -3.38083e-08, 0.996645)
bones/0/scale = Vector3(1, 1, 1)
bones/1/name = "DEF-spine.001"
bones/1/parent = 0
bones/1/rest = Transform3D(1, 2.36849e-06, 2.50892e-06, -2.60744e-06, 0.994991, 0.0999683, -2.25958e-06, -0.0999683, 0.994991, 3.19744e-14, 0.180684, 1.49011e-08)
bones/1/enabled = true
bones/1/position = Vector3(3.19744e-14, 0.180684, 1.49011e-08)
bones/1/rotation = Quaternion(-0.0500469, 1.19362e-06, -1.24554e-06, 0.998747)
bones/1/scale = Vector3(1, 1, 1)
bones/2/name = "DEF-spine.002"
bones/2/parent = 1
bones/2/rest = Transform3D(1, -1.72425e-06, -2.93423e-06, 2.29522e-06, 0.978265, 0.20736, 2.51291e-06, -0.20736, 0.978265, -5.96856e-13, 0.178881, 1.3739e-13)
bones/2/enabled = true
bones/2/position = Vector3(-5.96856e-13, 0.178881, 1.3739e-13)
bones/2/rotation = Quaternion(-0.104248, -1.36925e-06, 1.01037e-06, 0.994551)
bones/2/scale = Vector3(1, 1, 1)
bones/3/name = "DEF-spine.003"
bones/3/parent = 2
bones/3/rest = Transform3D(1, 6.6674e-08, 9.5119e-09, -6.66738e-08, 0.9601, 0.279655, 9.51333e-09, -0.279655, 0.960101, -2.02505e-13, 0.210031, -4.47035e-08)
bones/3/enabled = true
bones/3/position = Vector3(-2.02505e-13, 0.210031, -4.47035e-08)
bones/3/rotation = Quaternion(-0.141243, -3.61561e-13, -3.36745e-08, 0.989975)
bones/3/scale = Vector3(1, 1, 1)
bones/4/name = "DEF-spine.004"
bones/4/parent = 3
bones/4/rest = Transform3D(0.999068, 0.0431413, -0.00143455, -0.0328661, 0.73873, -0.673199, -0.0279829, 0.672619, 0.73946, 9.9476e-14, 0.332689, -1.49012e-07)
bones/4/enabled = true
bones/4/position = Vector3(9.9476e-14, 0.332689, -1.49012e-07)
bones/4/rotation = Quaternion(0.360859, 0.00711851, -0.0203802, 0.93237)
bones/4/scale = Vector3(1, 1, 1)
bones/5/name = "DEF-spine.005"
bones/5/parent = 4
bones/5/rest = Transform3D(0.999329, -0.0360658, -0.00637359, 0.0366171, 0.98739, 0.154013, 0.000738637, -0.154143, 0.988048, -1.39698e-09, 0.123999, 2.24167e-07)
bones/5/enabled = true
bones/5/position = Vector3(-1.39698e-09, 0.123999, 2.24167e-07)
bones/5/rotation = Quaternion(-0.077283, -0.00178369, 0.0182283, 0.996841)
bones/5/scale = Vector3(1, 1, 1)
bones/6/name = "DEF-spine.006"
bones/6/parent = 5
bones/6/rest = Transform3D(0.999988, -0.004862, 0.000190763, 0.00479124, 0.990754, 0.135589, -0.000848233, -0.135587, 0.990765, 1.22764e-08, 0.0861897, 1.00704e-07)
bones/6/enabled = true
bones/6/position = Vector3(1.22764e-08, 0.0861897, 1.00704e-07)
bones/6/rotation = Quaternion(-0.0679512, 0.000260352, 0.00241891, 0.997686)
bones/6/scale = Vector3(1, 1, 1)
bones/7/name = "DEF-spine.006_end"
bones/7/parent = 6
bones/7/rest = Transform3D(1, -1.62071e-09, -1.06411e-10, 1.62071e-09, 1, 7.4494e-09, 1.06411e-10, -7.4494e-09, 1, -3.11047e-10, 0.258189, 1.07594e-08)
bones/7/enabled = true
bones/7/position = Vector3(-3.11047e-10, 0.258189, 1.07594e-08)
bones/7/rotation = Quaternion(-3.7247e-09, -5.32054e-11, 8.10353e-10, 1)
bones/7/scale = Vector3(1, 1, 1)
bones/8/name = "DEF-shoulder.L"
bones/8/parent = 3
bones/8/rest = Transform3D(0.166546, 0.961538, -0.218418, -0.43905, 0.270657, 0.856726, 0.882891, -0.0467878, 0.46724, 0.0131881, 0.250618, 0.0954989)
bones/8/enabled = true
bones/8/position = Vector3(0.0131881, 0.250618, 0.0954989)
bones/8/rotation = Quaternion(-0.327356, -0.399021, -0.507454, 0.690008)
bones/8/scale = Vector3(1, 1, 1)
bones/9/name = "DEF-upper_arm.L"
bones/9/parent = 8
bones/9/rest = Transform3D(0.147596, 0.174745, 0.973488, -0.218561, 0.965698, -0.140209, -0.964597, -0.192072, 0.180726, -0.0236242, 0.231677, -0.0162003)
bones/9/enabled = true
bones/9/position = Vector3(-0.0236242, 0.231677, -0.0162003)
bones/9/rotation = Quaternion(-0.0171209, 0.6398, -0.129838, 0.757301)
bones/9/scale = Vector3(1, 1, 1)
bones/10/name = "DEF-upper_arm.L.001"
bones/10/parent = 9
bones/10/rest = Transform3D(1, 1.67056e-08, 3.86077e-07, -1.67056e-08, 1, 1.16415e-07, -3.86077e-07, -1.16415e-07, 1, -1.44355e-07, 0.2291, 1.53668e-08)
bones/10/enabled = true
bones/10/position = Vector3(-1.44355e-07, 0.2291, 1.53668e-08)
bones/10/rotation = Quaternion(-5.82077e-08, 1.93038e-07, -8.3528e-09, 1)
bones/10/scale = Vector3(1, 1, 1)
bones/11/name = "DEF-forearm.L"
bones/11/parent = 10
bones/11/rest = Transform3D(1, 5.23678e-07, -9.34372e-07, -5.981e-07, 0.996672, -0.0815152, 8.88575e-07, 0.0815152, 0.996672, 3.91155e-08, 0.2291, 2.79397e-08)
bones/11/enabled = true
bones/11/position = Vector3(3.91155e-08, 0.2291, 2.79397e-08)
bones/11/rotation = Quaternion(0.0407915, -4.56117e-07, -2.80678e-07, 0.999168)
bones/11/scale = Vector3(1, 1, 1)
bones/12/name = "DEF-forearm.L.001"
bones/12/parent = 11
bones/12/rest = Transform3D(1, 1.44355e-08, -9.31323e-09, -1.44355e-08, 1, -1.33761e-07, 9.31322e-09, 1.33761e-07, 1, 1.11759e-08, 0.212456, 4.48781e-08)
bones/12/enabled = true
bones/12/position = Vector3(1.11759e-08, 0.212456, 4.48781e-08)
bones/12/rotation = Quaternion(6.68806e-08, -4.65661e-09, -7.21775e-09, 1)
bones/12/scale = Vector3(1, 1, 1)
bones/13/name = "DEF-hand.L"
bones/13/parent = 12
bones/13/rest = Transform3D(0.991745, 0.128221, 1.94088e-06, -0.127179, 0.98368, 0.12728, 0.016318, -0.126229, 0.991867, 1.06171e-07, 0.212456, -7.27596e-09)
bones/13/enabled = true
bones/13/position = Vector3(1.06171e-07, 0.212456, -7.27596e-09)
bones/13/rotation = Quaternion(-0.063638, -0.00409581, -0.0641126, 0.995903)
bones/13/scale = Vector3(1, 1, 1)
bones/14/name = "DEF-f_index.01.L"
bones/14/parent = 13
bones/14/rest = Transform3D(-0.466639, 0.205529, -0.860236, 0.0118694, 0.973992, 0.226269, 0.884368, 0.0953756, -0.456943, -0.00659165, 0.121354, 0.0415491)
bones/14/enabled = true
bones/14/position = Vector3(-0.00659165, 0.121354, 0.0415491)
bones/14/rotation = Quaternion(-0.063857, -0.851113, -0.0944777, 0.512448)
bones/14/scale = Vector3(1, 1, 1)
bones/15/name = "DEF-f_index.02.L"
bones/15/parent = 14
bones/15/rest = Transform3D(0.999106, -0.0422787, 9.77842e-06, 0.0414489, 0.979452, -0.19737, 0.00833497, 0.197194, 0.980329, 2.23517e-07, 0.0568961, 1.71363e-07)
bones/15/enabled = true
bones/15/position = Vector3(2.23517e-07, 0.0568961, 1.71363e-07)
bones/15/rotation = Quaternion(0.0991519, -0.00209208, 0.0210403, 0.994848)
bones/15/scale = Vector3(1, 1, 1)
bones/16/name = "DEF-f_index.03.L"
bones/16/parent = 15
bones/16/rest = Transform3D(0.995009, 0.0996125, -0.00595548, -0.0994598, 0.985092, -0.140364, -0.00811535, 0.140256, 0.990082, 1.56462e-07, 0.0423468, -1.71363e-07)
bones/16/enabled = true
bones/16/position = Vector3(1.56462e-07, 0.0423468, -1.71363e-07)
bones/16/rotation = Quaternion(0.0704181, 0.00054199, -0.0499546, 0.996266)
bones/16/scale = Vector3(1, 1, 1)
bones/17/name = "DEF-f_index.03.L_end"
bones/17/parent = 16
bones/17/rest = Transform3D(1, 7.44667e-06, 7.156e-06, -7.44657e-06, 1, -1.35866e-05, -7.1561e-06, 1.35866e-05, 1, -1.93715e-07, 0.0309353, 2.23517e-08)
bones/17/enabled = true
bones/17/position = Vector3(-1.93715e-07, 0.0309353, 2.23517e-08)
bones/17/rotation = Quaternion(6.7933e-06, 3.57802e-06, -3.72331e-06, 1)
bones/17/scale = Vector3(1, 1, 1)
bones/18/name = "DEF-thumb.01.L"
bones/18/parent = 13
bones/18/rest = Transform3D(-0.910667, 0.401275, -0.0983041, 0.237004, 0.70231, 0.67126, 0.3384, 0.587996, -0.734674, 0.0146785, 0.0234635, 0.0302812)
bones/18/enabled = true
bones/18/position = Vector3(0.0146785, 0.0234635, 0.0302812)
bones/18/rotation = Quaternion(-0.174426, -0.914829, -0.344123, 0.11934)
bones/18/scale = Vector3(1, 1, 1)
bones/19/name = "DEF-thumb.02.L"
bones/19/parent = 18
bones/19/rest = Transform3D(0.999217, 0.0395688, -1.20606e-07, -0.0376775, 0.951454, -0.305476, -0.0120872, 0.305237, 0.952199, 6.70552e-08, 0.0636176, 4.47035e-08)
bones/19/enabled = true
bones/19/position = Vector3(6.70552e-08, 0.0636176, 4.47035e-08)
bones/19/rotation = Quaternion(0.154567, 0.00305915, -0.0195504, 0.987784)
bones/19/scale = Vector3(1, 1, 1)
bones/20/name = "DEF-thumb.03.L"
bones/20/parent = 19
bones/20/rest = Transform3D(0.994515, -0.103931, 0.0117665, 0.102724, 0.949352, -0.296947, 0.0196914, 0.296527, 0.954821, 2.45869e-07, 0.0471672, -5.21541e-08)
bones/20/enabled = true
bones/20/position = Vector3(2.45869e-07, 0.0471672, -5.21541e-08)
bones/20/rotation = Quaternion(0.150284, -0.00200682, 0.0523308, 0.987255)
bones/20/scale = Vector3(1, 1, 1)
bones/21/name = "DEF-thumb.03.L_end"
bones/21/parent = 20
bones/21/rest = Transform3D(1, 1.50176e-05, -9.33672e-09, -1.50176e-05, 1, -3.12924e-06, 9.28973e-09, 3.12924e-06, 1, -4.28408e-08, 0.0281597, -1.11759e-07)
bones/21/enabled = true
bones/21/position = Vector3(-4.28408e-08, 0.0281597, -1.11759e-07)
bones/21/rotation = Quaternion(1.56462e-06, -4.65661e-09, -7.50879e-06, 1)
bones/21/scale = Vector3(1, 1, 1)
bones/22/name = "DEF-palm.01.L"
bones/22/parent = 13
bones/22/rest = Transform3D(-0.00126565, -0.0347102, 0.999397, 0.0475014, 0.998267, 0.0347312, -0.99887, 0.0475167, 0.000385284, -0.00357551, 0.0346115, 0.0374203)
bones/22/enabled = true
bones/22/position = Vector3(-0.00357551, 0.0346115, 0.0374203)
bones/22/rotation = Quaternion(0.00452333, 0.706956, 0.0290852, 0.706645)
bones/22/scale = Vector3(1, 1, 1)
bones/23/name = "DEF-palm.01.L_end"
bones/23/parent = 22
bones/23/rest = Transform3D(1, 1.39698e-09, 4.22005e-09, -1.39698e-09, 1, -8.3819e-09, -4.22006e-09, 8.3819e-09, 1, -3.53903e-08, 0.0868934, -3.91155e-08)
bones/23/enabled = true
bones/23/position = Vector3(-3.53903e-08, 0.0868934, -3.91155e-08)
bones/23/rotation = Quaternion(4.19095e-09, 2.11003e-09, -6.98492e-10, 1)
bones/23/scale = Vector3(1, 1, 1)
bones/24/name = "DEF-f_middle.01.L"
bones/24/parent = 13
bones/24/rest = Transform3D(0.232948, 0.183989, -0.954926, -0.0512303, 0.982898, 0.176881, 0.971139, 0.00771699, 0.23839, -0.01491, 0.126535, 0.0129512)
bones/24/enabled = true
bones/24/position = Vector3(-0.01491, 0.126535, 0.0129512)
bones/24/rotation = Quaternion(-0.0539908, -0.614727, -0.0750731, 0.7833)
bones/24/scale = Vector3(1, 1, 1)
bones/25/name = "DEF-f_middle.02.L"
bones/25/parent = 24
bones/25/rest = Transform3D(0.999998, 0.00195725, -3.47353e-06, -0.0019402, 0.99105, -0.133479, -0.00025781, 0.133479, 0.991052, -2.98023e-08, 0.057724, -2.08616e-07)
bones/25/enabled = true
bones/25/position = Vector3(-2.98023e-08, 0.057724, -2.08616e-07)
bones/25/rotation = Quaternion(0.0668895, 6.37268e-05, -0.000976549, 0.99776)
bones/25/scale = Vector3(1, 1, 1)
bones/26/name = "DEF-f_middle.03.L"
bones/26/parent = 25
bones/26/rest = Transform3D(0.999986, -0.00535497, 0.000290185, 0.00534442, 0.990612, -0.136597, 0.000444013, 0.136597, 0.990627, 1.11759e-08, 0.048704, 2.6077e-08)
bones/26/enabled = true
bones/26/position = Vector3(1.11759e-08, 0.048704, 2.6077e-08)
bones/26/rotation = Quaternion(0.0684593, -3.85475e-05, 0.00268115, 0.99765)
bones/26/scale = Vector3(1, 1, 1)
bones/27/name = "DEF-f_middle.03.L_end"
bones/27/parent = 26
bones/27/rest = Transform3D(1, -6.96593e-07, -1.77377e-05, 6.96899e-07, 1, 1.72688e-05, 1.77377e-05, -1.72688e-05, 1, -4.84288e-08, 0.0279154, -2.98023e-08)
bones/27/enabled = true
bones/27/position = Vector3(-4.84288e-08, 0.0279154, -2.98023e-08)
bones/27/rotation = Quaternion(-8.63441e-06, -8.86884e-06, 3.48373e-07, 1)
bones/27/scale = Vector3(1, 1, 1)
bones/28/name = "DEF-palm.02.L"
bones/28/parent = 13
bones/28/rest = Transform3D(-0.130431, -0.0662706, 0.98924, -0.020452, 0.997731, 0.0641428, -0.991246, -0.0118657, -0.13149, -0.00904821, 0.0382818, 0.0140008)
bones/28/enabled = true
bones/28/position = Vector3(-0.00904821, 0.0382818, 0.0140008)
bones/28/rotation = Quaternion(-0.0288457, 0.751607, 0.0173885, 0.658751)
bones/28/scale = Vector3(1, 1, 1)
bones/29/name = "DEF-palm.02.L_end"
bones/29/parent = 28
bones/29/rest = Transform3D(1, -8.2655e-08, -5.15718e-08, 8.26547e-08, 1, -5.37967e-06, 5.15722e-08, 5.37967e-06, 1, -7.45058e-09, 0.0884536, -2.02795e-07)
bones/29/enabled = true
bones/29/position = Vector3(-7.45058e-09, 0.0884536, -2.02795e-07)
bones/29/rotation = Quaternion(2.68983e-06, -2.5786e-08, 4.13274e-08, 1)
bones/29/scale = Vector3(1, 1, 1)
bones/30/name = "DEF-f_ring.01.L"
bones/30/parent = 13
bones/30/rest = Transform3D(0.197426, 0.201526, -0.95938, 0.0120339, 0.97807, 0.207928, 0.980244, -0.0525955, 0.190671, -0.0120285, 0.11856, -0.0132834)
bones/30/enabled = true
bones/30/position = Vector3(-0.0120285, 0.11856, -0.0132834)
bones/30/rotation = Quaternion(-0.0846826, -0.630471, -0.0615939, 0.769117)
bones/30/scale = Vector3(1, 1, 1)
bones/31/name = "DEF-f_ring.02.L"
bones/31/parent = 30
bones/31/rest = Transform3D(0.999909, 0.0134908, 6.10761e-06, -0.0134113, 0.994067, -0.107937, -0.00146223, 0.107927, 0.994158, 3.72529e-09, 0.0508434, 3.72529e-09)
bones/31/enabled = true
bones/31/position = Vector3(3.72529e-09, 0.0508434, 3.72529e-09)
bones/31/rotation = Quaternion(0.0540464, 0.000367631, -0.00673554, 0.998516)
bones/31/scale = Vector3(1, 1, 1)
bones/32/name = "DEF-f_ring.03.L"
bones/32/parent = 31
bones/32/rest = Transform3D(0.999297, -0.0374269, 0.0020848, 0.0372965, 0.987167, -0.155272, 0.00375329, 0.155241, 0.98787, 8.3819e-09, 0.049235, 6.14673e-08)
bones/32/enabled = true
bones/32/position = Vector3(8.3819e-09, 0.049235, 6.14673e-08)
bones/32/rotation = Quaternion(0.0778784, -0.000418467, 0.0187411, 0.996787)
bones/32/scale = Vector3(1, 1, 1)
bones/33/name = "DEF-f_ring.03.L_end"
bones/33/parent = 32
bones/33/rest = Transform3D(1, 5.33182e-07, 4.07302e-06, -5.33182e-07, 1, -7.59039e-08, -4.07302e-06, 7.59017e-08, 1, -7.45058e-09, 0.0275578, 4.47035e-08)
bones/33/enabled = true
bones/33/position = Vector3(-7.45058e-09, 0.0275578, 4.47035e-08)
bones/33/rotation = Quaternion(3.79514e-08, 2.03651e-06, -2.66591e-07, 1)
bones/33/scale = Vector3(1, 1, 1)
bones/34/name = "DEF-palm.03.L"
bones/34/parent = 13
bones/34/rest = Transform3D(-0.160584, -0.0258624, 0.986683, -0.0378314, 0.999083, 0.0200303, -0.986297, -0.0341111, -0.161416, -0.00991347, 0.0368455, -0.0104934)
bones/34/enabled = true
bones/34/position = Vector3(-0.00991347, 0.0368455, -0.0104934)
bones/34/rotation = Quaternion(-0.0209036, 0.761755, -0.00462118, 0.647511)
bones/34/scale = Vector3(1, 1, 1)
bones/35/name = "DEF-palm.03.L_end"
bones/35/parent = 34
bones/35/rest = Transform3D(1, -2.86615e-07, -1.04074e-07, 2.86614e-07, 1, -5.80587e-06, 1.04076e-07, 5.80587e-06, 1, 2.98023e-08, 0.0817899, -3.3062e-07)
bones/35/enabled = true
bones/35/position = Vector3(2.98023e-08, 0.0817899, -3.3062e-07)
bones/35/rotation = Quaternion(2.90293e-06, -5.20377e-08, 1.43307e-07, 1)
bones/35/scale = Vector3(1, 1, 1)
bones/36/name = "DEF-f_pinky.01.L"
bones/36/parent = 13
bones/36/rest = Transform3D(0.328092, 0.179565, -0.927422, 0.0062138, 0.981336, 0.192202, 0.944625, -0.0688227, 0.320852, -0.00214584, 0.108577, -0.0434172)
bones/36/enabled = true
bones/36/position = Vector3(-0.00214584, 0.108577, -0.0434172)
bones/36/rotation = Quaternion(-0.0804731, -0.577146, -0.0534437, 0.810907)
bones/36/scale = Vector3(1, 1, 1)
bones/37/name = "DEF-f_pinky.02.L"
bones/37/parent = 36
bones/37/rest = Transform3D(0.999958, -0.00918668, 1.78959e-07, 0.00915406, 0.996405, -0.0842236, 0.000773557, 0.0842201, 0.996447, 1.39698e-08, 0.0494486, 3.35276e-08)
bones/37/enabled = true
bones/37/position = Vector3(1.39698e-08, 0.0494486, 3.35276e-08)
bones/37/rotation = Quaternion(0.0421488, -0.000193519, 0.00458931, 0.999101)
bones/37/scale = Vector3(1, 1, 1)
bones/38/name = "DEF-f_pinky.03.L"
bones/38/parent = 37
bones/38/rest = Transform3D(0.999745, 0.0224948, -0.00207521, -0.0223808, 0.973798, -0.22631, -0.00306997, 0.226299, 0.974053, 1.86265e-09, 0.0347439, 5.7742e-07)
bones/38/enabled = true
bones/38/position = Vector3(1.86265e-09, 0.0347439, 5.7742e-07)
bones/38/rotation = Quaternion(0.113901, 0.000250336, -0.0112931, 0.993428)
bones/38/scale = Vector3(1, 1, 1)
bones/39/name = "DEF-f_pinky.03.L_end"
bones/39/parent = 38
bones/39/rest = Transform3D(1, 1.85071e-06, -5.09629e-06, -1.85071e-06, 1, -4.22932e-07, 5.09629e-06, 4.22942e-07, 1, -1.95578e-08, 0.0235526, -2.10479e-07)
bones/39/enabled = true
bones/39/position = Vector3(-1.95578e-08, 0.0235526, -2.10479e-07)
bones/39/rotation = Quaternion(2.11468e-07, -2.54815e-06, -9.25356e-07, 1)
bones/39/scale = Vector3(1, 1, 1)
bones/40/name = "DEF-palm.04.L"
bones/40/parent = 13
bones/40/rest = Transform3D(-0.167411, 0.0775214, 0.982835, -0.103863, 0.989969, -0.0957757, -0.980401, -0.118114, -0.15768, -0.00813705, 0.0320676, -0.0342889)
bones/40/enabled = true
bones/40/position = Vector3(-0.00813705, 0.0320676, -0.0342889)
bones/40/rotation = Quaternion(-0.00865634, 0.760766, -0.0702877, 0.645151)
bones/40/scale = Vector3(1, 1, 1)
bones/41/name = "DEF-palm.04.L_end"
bones/41/parent = 40
bones/41/rest = Transform3D(1, 4.38653e-07, 3.25976e-08, -4.38653e-07, 1, 6.02193e-06, -3.2595e-08, -6.02193e-06, 1, -2.98023e-08, 0.0772842, 4.88013e-07)
bones/41/enabled = true
bones/41/position = Vector3(-2.98023e-08, 0.0772842, 4.88013e-07)
bones/41/rotation = Quaternion(-3.01097e-06, 1.62981e-08, -2.19326e-07, 1)
bones/41/scale = Vector3(1, 1, 1)
bones/42/name = "DEF-shoulder.R"
bones/42/parent = 3
bones/42/rest = Transform3D(0.166547, -0.961538, 0.218418, 0.43905, 0.270657, 0.856726, -0.882891, -0.0467883, 0.467241, -0.0131882, 0.250618, 0.0954989)
bones/42/enabled = true
bones/42/position = Vector3(-0.0131882, 0.250618, 0.0954989)
bones/42/rotation = Quaternion(-0.327357, 0.399021, 0.507454, 0.690008)
bones/42/scale = Vector3(1, 1, 1)
bones/43/name = "DEF-upper_arm.R"
bones/43/parent = 42
bones/43/rest = Transform3D(0.147596, -0.174745, -0.973488, 0.21856, 0.965698, -0.14021, 0.964597, -0.192071, 0.180726, 0.0236242, 0.231677, -0.0162005)
bones/43/enabled = true
bones/43/position = Vector3(0.0236242, 0.231677, -0.0162005)
bones/43/rotation = Quaternion(-0.0171205, -0.6398, 0.129838, 0.757301)
bones/43/scale = Vector3(1, 1, 1)
bones/44/name = "DEF-upper_arm.R.001"
bones/44/parent = 43
bones/44/rest = Transform3D(1, -1.3737e-08, -7.58795e-07, 1.3737e-08, 1, 1.6531e-08, 7.58795e-07, -1.6531e-08, 1, -7.91624e-08, 0.2291, -1.25729e-08)
bones/44/enabled = true
bones/44/position = Vector3(-7.91624e-08, 0.2291, -1.25729e-08)
bones/44/rotation = Quaternion(-8.26549e-09, -3.79398e-07, 6.8685e-09, 1)
bones/44/scale = Vector3(1, 1, 1)
bones/45/name = "DEF-forearm.R"
bones/45/parent = 44
bones/45/rest = Transform3D(1, -1.49642e-06, 1.48889e-06, 1.6128e-06, 0.996672, -0.0815149, -1.36195e-06, 0.0815149, 0.996672, -1.13621e-07, 0.2291, -3.72529e-09)
bones/45/enabled = true
bones/45/position = Vector3(-1.13621e-07, 0.2291, -3.72529e-09)
bones/45/rotation = Quaternion(0.0407914, 7.13303e-07, 7.77953e-07, 0.999168)
bones/45/scale = Vector3(1, 1, 1)
bones/46/name = "DEF-forearm.R.001"
bones/46/parent = 45
bones/46/rest = Transform3D(1, -2.2687e-06, 1.25985e-06, 2.2687e-06, 1, 4.03975e-08, -1.25985e-06, -4.03947e-08, 1, 1.11759e-08, 0.212456, 2.97441e-08)
bones/46/enabled = true
bones/46/position = Vector3(1.11759e-08, 0.212456, 2.97441e-08)
bones/46/rotation = Quaternion(-2.01981e-08, 6.29923e-07, 1.13435e-06, 1)
bones/46/scale = Vector3(1, 1, 1)
bones/47/name = "DEF-hand.R"
bones/47/parent = 46
bones/47/rest = Transform3D(0.991747, -0.128213, -5.99027e-06, 0.127171, 0.983681, 0.127278, -0.0163128, -0.126229, 0.991867, 1.15484e-07, 0.212456, -7.50879e-09)
bones/47/enabled = true
bones/47/position = Vector3(1.15484e-07, 0.212456, -7.50879e-09)
bones/47/rotation = Quaternion(-0.0636375, 0.00409348, 0.0641086, 0.995903)
bones/47/scale = Vector3(1, 1, 1)
bones/48/name = "DEF-f_index.01.R"
bones/48/parent = 47
bones/48/rest = Transform3D(-0.466641, -0.205538, 0.860233, -0.0118746, 0.97399, 0.226277, -0.884367, 0.0953752, -0.456944, 0.00659119, 0.121354, 0.0415491)
bones/48/enabled = true
bones/48/position = Vector3(0.00659119, 0.121354, 0.0415491)
bones/48/rotation = Quaternion(-0.0638612, 0.851113, 0.0944798, 0.512446)
bones/48/scale = Vector3(1, 1, 1)
bones/49/name = "DEF-f_index.02.R"
bones/49/parent = 48
bones/49/rest = Transform3D(0.999106, 0.0422845, -1.33971e-06, -0.0414531, 0.979453, -0.197365, -0.00834418, 0.197189, 0.98033, -7.45058e-09, 0.0568963, 2.08616e-07)
bones/49/enabled = true
bones/49/position = Vector3(-7.45058e-09, 0.0568963, 2.08616e-07)
bones/49/rotation = Quaternion(0.0991493, 0.00209651, -0.0210428, 0.994848)
bones/49/scale = Vector3(1, 1, 1)
bones/50/name = "DEF-f_index.03.R"
bones/50/parent = 49
bones/50/rest = Transform3D(0.995006, -0.0996342, 0.00593279, 0.0994779, 0.985086, -0.140393, 0.00814365, 0.140282, 0.990078, -1.63913e-07, 0.0423467, 6.70552e-08)
bones/50/enabled = true
bones/50/position = Vector3(-1.63913e-07, 0.0423467, 6.70552e-08)
bones/50/rotation = Quaternion(0.0704319, -0.000554789, 0.0499647, 0.996264)
bones/50/scale = Vector3(1, 1, 1)
bones/51/name = "DEF-f_index.03.R_end"
bones/51/parent = 50
bones/51/rest = Transform3D(1, 5.92691e-06, 1.10563e-05, -5.92697e-06, 1, 5.33132e-06, -1.10563e-05, -5.33139e-06, 1, 1.49012e-08, 0.0309354, 2.75671e-07)
bones/51/enabled = true
bones/51/position = Vector3(1.49012e-08, 0.0309354, 2.75671e-07)
bones/51/rotation = Quaternion(-2.66568e-06, 5.52816e-06, -2.96347e-06, 1)
bones/51/scale = Vector3(1, 1, 1)
bones/52/name = "DEF-thumb.01.R"
bones/52/parent = 47
bones/52/rest = Transform3D(-0.910665, -0.401281, 0.0983003, -0.23701, 0.702307, 0.67126, -0.338401, 0.587995, -0.734674, -0.0146781, 0.0234631, 0.0302813)
bones/52/enabled = true
bones/52/position = Vector3(-0.0146781, 0.0234631, 0.0302813)
bones/52/rotation = Quaternion(-0.174429, 0.914829, 0.344123, 0.11934)
bones/52/scale = Vector3(1, 1, 1)
bones/53/name = "DEF-thumb.02.R"
bones/53/parent = 52
bones/53/rest = Transform3D(0.999217, -0.0395684, 8.24686e-07, 0.0376772, 0.951454, -0.305477, 0.0120864, 0.305238, 0.952199, -1.52737e-07, 0.0636176, 4.47035e-08)
bones/53/enabled = true
bones/53/position = Vector3(-1.52737e-07, 0.0636176, 4.47035e-08)
bones/53/rotation = Quaternion(0.154567, -0.00305877, 0.0195502, 0.987784)
bones/53/scale = Vector3(1, 1, 1)
bones/54/name = "DEF-thumb.03.R"
bones/54/parent = 53
bones/54/rest = Transform3D(0.994517, 0.103913, -0.0117706, -0.102709, 0.949354, -0.296946, -0.0196822, 0.296527, 0.954822, -2.30968e-07, 0.0471675, -3.72529e-08)
bones/54/enabled = true
bones/54/position = Vector3(-2.30968e-07, 0.0471675, -3.72529e-08)
bones/54/rotation = Quaternion(0.150283, 0.00200343, -0.0523224, 0.987255)
bones/54/scale = Vector3(1, 1, 1)
bones/55/name = "DEF-thumb.03.R_end"
bones/55/parent = 54
bones/55/rest = Transform3D(1, 7.98423e-06, 4.03262e-06, -7.98423e-06, 1, -6.96645e-07, -4.03263e-06, 6.96613e-07, 1, 6.14673e-08, 0.0281595, 0)
bones/55/enabled = true
bones/55/position = Vector3(6.14673e-08, 0.0281595, 0)
bones/55/rotation = Quaternion(3.48315e-07, 2.01631e-06, -3.99211e-06, 1)
bones/55/scale = Vector3(1, 1, 1)
bones/56/name = "DEF-palm.01.R"
bones/56/parent = 47
bones/56/rest = Transform3D(-0.00126243, 0.0347043, -0.999397, -0.0475007, 0.998267, 0.0347251, 0.99887, 0.0475159, 0.000388265, 0.00357556, 0.0346113, 0.0374203)
bones/56/enabled = true
bones/56/position = Vector3(0.00357556, 0.0346113, 0.0374203)
bones/56/rotation = Quaternion(0.00452519, -0.706955, -0.0290828, 0.706646)
bones/56/scale = Vector3(1, 1, 1)
bones/57/name = "DEF-palm.01.R_end"
bones/57/parent = 56
bones/57/rest = Transform3D(1, -1.60653e-08, 1.40833e-07, 1.60653e-08, 1, 1.11759e-08, -1.40833e-07, -1.11759e-08, 1, 1.11759e-08, 0.0868935, -2.55182e-07)
bones/57/enabled = true
bones/57/position = Vector3(1.11759e-08, 0.0868935, -2.55182e-07)
bones/57/rotation = Quaternion(-5.58794e-09, 7.04167e-08, 8.03266e-09, 1)
bones/57/scale = Vector3(1, 1, 1)
bones/58/name = "DEF-f_middle.01.R"
bones/58/parent = 47
bones/58/rest = Transform3D(0.232947, -0.183993, 0.954925, 0.0512312, 0.982897, 0.176885, -0.971139, 0.00771704, 0.238389, 0.0149094, 0.126535, 0.0129511)
bones/58/enabled = true
bones/58/position = Vector3(0.0149094, 0.126535, 0.0129511)
bones/58/rotation = Quaternion(-0.0539921, 0.614728, 0.0750748, 0.7833)
bones/58/scale = Vector3(1, 1, 1)
bones/59/name = "DEF-f_middle.02.R"
bones/59/parent = 58
bones/59/rest = Transform3D(0.999998, -0.00195811, 1.16489e-05, 0.00194214, 0.991051, -0.133472, 0.000249808, 0.133472, 0.991053, 2.6077e-08, 0.0577241, 2.21655e-07)
bones/59/enabled = true
bones/59/position = Vector3(2.6077e-08, 0.0577241, 2.21655e-07)
bones/59/rotation = Quaternion(0.0668857, -5.96733e-05, 0.000977252, 0.99776)
bones/59/scale = Vector3(1, 1, 1)
bones/60/name = "DEF-f_middle.03.R"
bones/60/parent = 59
bones/60/rest = Transform3D(0.999986, 0.00535255, -0.000283116, -0.00534106, 0.990614, -0.136586, -0.000450627, 0.136586, 0.990628, 4.09782e-08, 0.0487036, 2.29105e-07)
bones/60/enabled = true
bones/60/position = Vector3(4.09782e-08, 0.0487036, 2.29105e-07)
bones/60/rotation = Quaternion(0.0684539, 4.19765e-05, -0.0026797, 0.997651)
bones/60/scale = Vector3(1, 1, 1)
bones/61/name = "DEF-f_middle.03.R_end"
bones/61/parent = 60
bones/61/rest = Transform3D(1, 4.14964e-06, 4.45045e-06, -4.14961e-06, 1, -8.10368e-06, -4.45049e-06, 8.10366e-06, 1, 0, 0.0279152, -1.91852e-07)
bones/61/enabled = true
bones/61/position = Vector3(0, 0.0279152, -1.91852e-07)
bones/61/rotation = Quaternion(4.05184e-06, 2.22524e-06, -2.07481e-06, 1)
bones/61/scale = Vector3(1, 1, 1)
bones/62/name = "DEF-palm.02.R"
bones/62/parent = 47
bones/62/rest = Transform3D(-0.130428, 0.0662619, -0.989241, 0.0204519, 0.997732, 0.0641341, 0.991247, -0.011867, -0.131487, 0.00904818, 0.0382819, 0.0140008)
bones/62/enabled = true
bones/62/position = Vector3(0.00904818, 0.0382819, 0.0140008)
bones/62/rotation = Quaternion(-0.0288428, -0.751606, -0.0173851, 0.658752)
bones/62/scale = Vector3(1, 1, 1)
bones/63/name = "DEF-palm.02.R_end"
bones/63/parent = 62
bones/63/rest = Transform3D(1, 1.25729e-08, 1.75904e-07, -1.25729e-08, 1, -1.34751e-08, -1.75904e-07, 1.34751e-08, 1, 3.72529e-09, 0.0884537, 7.79983e-08)
bones/63/enabled = true
bones/63/position = Vector3(3.72529e-09, 0.0884537, 7.79983e-08)
bones/63/rotation = Quaternion(6.73754e-09, 8.79518e-08, -6.28643e-09, 1)
bones/63/scale = Vector3(1, 1, 1)
bones/64/name = "DEF-f_ring.01.R"
bones/64/parent = 47
bones/64/rest = Transform3D(0.197424, -0.201528, 0.95938, -0.0120332, 0.978069, 0.20793, -0.980244, -0.0525949, 0.190669, 0.0120278, 0.11856, -0.0132835)
bones/64/enabled = true
bones/64/position = Vector3(0.0120278, 0.11856, -0.0132835)
bones/64/rotation = Quaternion(-0.0846833, 0.630471, 0.061595, 0.769117)
bones/64/scale = Vector3(1, 1, 1)
bones/65/name = "DEF-f_ring.02.R"
bones/65/parent = 64
bones/65/rest = Transform3D(0.999909, -0.0134909, 2.38302e-06, 0.0134124, 0.994069, -0.107925, 0.00145364, 0.107915, 0.994159, 0, 0.0508438, 1.41561e-07)
bones/65/enabled = true
bones/65/position = Vector3(0, 0.0508438, 1.41561e-07)
bones/65/rotation = Quaternion(0.0540404, -0.000363353, 0.00673581, 0.998516)
bones/65/scale = Vector3(1, 1, 1)
bones/66/name = "DEF-f_ring.03.R"
bones/66/parent = 65
bones/66/rest = Transform3D(0.999297, 0.0374263, -0.00210086, -0.0372984, 0.987165, -0.155288, -0.00373796, 0.155257, 0.987867, 1.49012e-08, 0.0492341, -2.36556e-07)
bones/66/enabled = true
bones/66/position = Vector3(1.49012e-08, 0.0492341, -2.36556e-07)
bones/66/rotation = Quaternion(0.0778867, 0.000410594, -0.0187414, 0.996786)
bones/66/scale = Vector3(1, 1, 1)
bones/67/name = "DEF-f_ring.03.R_end"
bones/67/parent = 66
bones/67/rest = Transform3D(1, -9.70454e-07, 3.9098e-06, 9.70422e-07, 1, 8.38167e-06, -3.90981e-06, -8.38167e-06, 1, -2.23517e-08, 0.0275577, -3.01749e-07)
bones/67/enabled = true
bones/67/position = Vector3(-2.23517e-08, 0.0275577, -3.01749e-07)
bones/67/rotation = Quaternion(-4.19084e-06, 1.9549e-06, 4.85219e-07, 1)
bones/67/scale = Vector3(1, 1, 1)
bones/68/name = "DEF-palm.03.R"
bones/68/parent = 47
bones/68/rest = Transform3D(-0.160582, 0.0258562, -0.986684, 0.0378312, 0.999084, 0.0200241, 0.986297, -0.0341119, -0.161413, 0.00991335, 0.0368453, -0.0104935)
bones/68/enabled = true
bones/68/position = Vector3(0.00991335, 0.0368453, -0.0104935)
bones/68/rotation = Quaternion(-0.0209016, -0.761754, 0.00462346, 0.647512)
bones/68/scale = Vector3(1, 1, 1)
bones/69/name = "DEF-palm.03.R_end"
bones/69/parent = 68
bones/69/rest = Transform3D(1, 3.12692e-07, 2.50991e-07, -3.12691e-07, 1, -5.80156e-06, -2.50992e-07, 5.80156e-06, 1, 2.23517e-08, 0.0817897, -5.4948e-08)
bones/69/enabled = true
bones/69/position = Vector3(2.23517e-08, 0.0817897, -5.4948e-08)
bones/69/rotation = Quaternion(2.90078e-06, 1.25496e-07, -1.56346e-07, 1)
bones/69/scale = Vector3(1, 1, 1)
bones/70/name = "DEF-f_pinky.01.R"
bones/70/parent = 47
bones/70/rest = Transform3D(0.328089, -0.179574, 0.927422, -0.0062117, 0.981334, 0.19221, -0.944626, -0.0688229, 0.320849, 0.00214518, 0.108576, -0.0434173)
bones/70/enabled = true
bones/70/position = Vector3(0.00214518, 0.108576, -0.0434173)
bones/70/rotation = Quaternion(-0.0804758, 0.577147, 0.0534471, 0.810906)
bones/70/scale = Vector3(1, 1, 1)
bones/71/name = "DEF-f_pinky.02.R"
bones/71/parent = 70
bones/71/rest = Transform3D(0.999958, 0.00918862, -8.45734e-06, -0.00915668, 0.996404, -0.0842312, -0.000765541, 0.0842277, 0.996446, -2.79397e-08, 0.0494491, 1.86265e-07)
bones/71/enabled = true
bones/71/position = Vector3(-2.79397e-08, 0.0494491, 1.86265e-07)
bones/71/rotation = Quaternion(0.0421526, 0.000189441, -0.00459045, 0.999101)
bones/71/scale = Vector3(1, 1, 1)
bones/72/name = "DEF-f_pinky.03.R"
bones/72/parent = 71
bones/72/rest = Transform3D(0.999745, -0.0225017, 0.00210353, 0.022394, 0.973804, -0.226286, 0.0030434, 0.226275, 0.974059, -6.33299e-08, 0.0347437, 2.34693e-07)
bones/72/enabled = true
bones/72/position = Vector3(-6.33299e-08, 0.0347437, 2.34693e-07)
bones/72/rotation = Quaternion(0.113889, -0.000236521, 0.0112982, 0.993429)
bones/72/scale = Vector3(1, 1, 1)
bones/73/name = "DEF-f_pinky.03.R_end"
bones/73/parent = 72
bones/73/rest = Transform3D(1, 5.68726e-06, -1.5305e-05, -5.68756e-06, 1, -1.9461e-05, 1.53049e-05, 1.94611e-05, 1, 7.07805e-08, 0.0235524, 1.39698e-08)
bones/73/enabled = true
bones/73/position = Vector3(7.07805e-08, 0.0235524, 1.39698e-08)
bones/73/rotation = Quaternion(9.73052e-06, -7.65247e-06, -2.84371e-06, 1)
bones/73/scale = Vector3(1, 1, 1)
bones/74/name = "DEF-palm.04.R"
bones/74/parent = 47
bones/74/rest = Transform3D(-0.167409, -0.0775278, -0.982835, 0.103863, 0.989969, -0.0957818, 0.980401, -0.118115, -0.157677, 0.00813689, 0.0320674, -0.0342889)
bones/74/enabled = true
bones/74/position = Vector3(0.00813689, 0.0320674, -0.0342889)
bones/74/rotation = Quaternion(-0.00865409, -0.760765, 0.0702899, 0.645152)
bones/74/scale = Vector3(1, 1, 1)
bones/75/name = "DEF-palm.04.R_end"
bones/75/parent = 74
bones/75/rest = Transform3D(1, -4.53089e-07, 1.09895e-07, 4.53088e-07, 1, 6.0082e-06, -1.09897e-07, -6.00819e-06, 1, 0, 0.0772842, 1.04308e-07)
bones/75/enabled = true
bones/75/position = Vector3(0, 0.0772842, 1.04308e-07)
bones/75/rotation = Quaternion(-3.0041e-06, 5.4948e-08, 2.26544e-07, 1)
bones/75/scale = Vector3(1, 1, 1)
bones/76/name = "DEF-breast.L"
bones/76/parent = 3
bones/76/rest = Transform3D(-0.922874, 0.384918, 0.0118781, -0.156215, -0.402374, 0.902049, 0.351995, 0.830622, 0.43147, 0.115223, 0.00222617, 0.129294)
bones/76/enabled = true
bones/76/position = Vector3(0.115223, 0.00222617, 0.129294)
bones/76/rotation = Quaternion(-0.109578, -0.521783, -0.830168, 0.162959)
bones/76/scale = Vector3(1, 1, 1)
bones/77/name = "DEF-breast.L_end"
bones/77/parent = 76
bones/77/rest = Transform3D(1, -9.77233e-08, -6.27246e-07, 9.77235e-08, 1, 1.94646e-07, 6.27246e-07, -1.94646e-07, 1, -7.45058e-09, 0.082297, -4.20201e-07)
bones/77/enabled = true
bones/77/position = Vector3(-7.45058e-09, 0.082297, -4.20201e-07)
bones/77/rotation = Quaternion(-9.73232e-08, -3.13623e-07, 4.88617e-08, 1)
bones/77/scale = Vector3(1, 1, 1)
bones/78/name = "DEF-breast.R"
bones/78/parent = 3
bones/78/rest = Transform3D(-0.922874, -0.384919, -0.0118793, 0.156213, -0.402374, 0.902049, -0.351995, 0.830622, 0.43147, -0.115223, 0.00222614, 0.129294)
bones/78/enabled = true
bones/78/position = Vector3(-0.115223, 0.00222614, 0.129294)
bones/78/rotation = Quaternion(-0.109579, 0.521783, 0.830168, 0.162959)
bones/78/scale = Vector3(1, 1, 1)
bones/79/name = "DEF-breast.R_end"
bones/79/parent = 78
bones/79/rest = Transform3D(1, 2.62797e-07, 4.77536e-07, -2.62797e-07, 1, 1.67871e-07, -4.77536e-07, -1.67871e-07, 1, -1.86265e-09, 0.082297, -3.11993e-07)
bones/79/enabled = true
bones/79/position = Vector3(-1.86265e-09, 0.082297, -3.11993e-07)
bones/79/rotation = Quaternion(-8.39355e-08, 2.38768e-07, -1.31398e-07, 1)
bones/79/scale = Vector3(1, 1, 1)
bones/80/name = "DEF-pelvis.L"
bones/80/parent = 0
bones/80/rest = Transform3D(-0.327892, 0.637515, -0.697182, -0.0420251, 0.727407, 0.684918, 0.94378, 0.253878, -0.211719, 3.19744e-14, 3.72526e-09, -8.97615e-14)
bones/80/enabled = true
bones/80/position = Vector3(3.19744e-14, 3.72526e-09, -8.97615e-14)
bones/80/rotation = Quaternion(-0.19775, -0.752831, -0.311755, 0.54493)
bones/80/scale = Vector3(1, 1, 1)
bones/81/name = "DEF-pelvis.L_end"
bones/81/parent = 80
bones/81/rest = Transform3D(1, 1.2666e-07, -3.39001e-07, -1.2666e-07, 1, 3.07336e-07, 3.39001e-07, -3.07336e-07, 1, -1.86265e-08, 0.284344, 3.63216e-08)
bones/81/enabled = true
bones/81/position = Vector3(-1.86265e-08, 0.284344, 3.63216e-08)
bones/81/rotation = Quaternion(-1.53668e-07, -1.69501e-07, -6.33299e-08, 1)
bones/81/scale = Vector3(1, 1, 1)
bones/82/name = "DEF-pelvis.R"
bones/82/parent = 0
bones/82/rest = Transform3D(-0.327891, -0.637515, 0.697182, 0.042025, 0.727407, 0.684918, -0.94378, 0.253878, -0.211719, 8.39216e-07, 3.72533e-09, 9.83658e-14)
bones/82/enabled = true
bones/82/position = Vector3(8.39216e-07, 3.72533e-09, 9.83658e-14)
bones/82/rotation = Quaternion(-0.19775, 0.752831, 0.311755, 0.54493)
bones/82/scale = Vector3(1, 1, 1)
bones/83/name = "DEF-pelvis.R_end"
bones/83/parent = 82
bones/83/rest = Transform3D(1, -2.90566e-14, 2.49594e-07, -2.90566e-14, 1, 2.32831e-07, -2.49594e-07, -2.32831e-07, 1, 3.72529e-09, 0.284344, -9.49949e-08)
bones/83/enabled = true
bones/83/position = Vector3(3.72529e-09, 0.284344, -9.49949e-08)
bones/83/rotation = Quaternion(-1.16415e-07, 1.24797e-07, 0, 1)
bones/83/scale = Vector3(1, 1, 1)
bones/84/name = "DEF-thigh.L"
bones/84/parent = 0
bones/84/rest = Transform3D(0.868314, 0.0300407, -0.495101, -0.0704583, -0.980572, -0.183066, -0.490984, 0.193844, -0.849323, 0.170108, 0.00901104, -0.00131447)
bones/84/enabled = true
bones/84/position = Vector3(0.170108, 0.00901104, -0.00131447)
bones/84/rotation = Quaternion(0.961537, -0.0105086, -0.256383, 0.0979969)
bones/84/scale = Vector3(1, 1, 0.999994)
bones/85/name = "DEF-thigh.L.001"
bones/85/parent = 84
bones/85/rest = Transform3D(1, 1.39699e-08, 4.43004e-07, -1.39698e-08, 1, -7.59028e-08, -4.43004e-07, 7.59028e-08, 1, 0, 0.440378, 1.49012e-08)
bones/85/enabled = true
bones/85/position = Vector3(0, 0.440378, 1.49012e-08)
bones/85/rotation = Quaternion(3.79514e-08, 2.21502e-07, -6.98492e-09, 1)
bones/85/scale = Vector3(1, 1, 1)
bones/86/name = "DEF-shin.L"
bones/86/parent = 85
bones/86/rest = Transform3D(1, 6.65426e-07, 9.67067e-08, -6.57984e-07, 0.998001, -0.0632006, -1.38569e-07, 0.0632006, 0.998001, 3.72529e-08, 0.440378, 3.72529e-09)
bones/86/enabled = true
bones/86/position = Vector3(3.72529e-08, 0.440378, 3.72529e-09)
bones/86/rotation = Quaternion(0.0316161, 5.88483e-08, -3.31018e-07, 0.9995)
bones/86/scale = Vector3(1, 1, 1)
bones/87/name = "DEF-shin.L.001"
bones/87/parent = 86
bones/87/rest = Transform3D(1, 6.01285e-08, -1.82918e-08, -6.01285e-08, 1, 5.31436e-08, 1.82918e-08, -5.31436e-08, 1, 2.04891e-08, 0.36775, 0)
bones/87/enabled = true
bones/87/position = Vector3(2.04891e-08, 0.36775, 0)
bones/87/rotation = Quaternion(-2.65718e-08, -9.14588e-09, -3.00643e-08, 1)
bones/87/scale = Vector3(1, 1, 1)
bones/88/name = "DEF-foot.L"
bones/88/parent = 87
bones/88/rest = Transform3D(0.848561, -0.447499, 0.282293, -0.00221232, 0.530531, 0.847663, -0.529093, -0.719918, 0.449198, 4.07454e-09, 0.36775, -5.3551e-09)
bones/88/enabled = true
bones/88/position = Vector3(4.07454e-09, 0.36775, -5.3551e-09)
bones/88/rotation = Quaternion(-0.466056, 0.241232, 0.132388, 0.840876)
bones/88/scale = Vector3(1, 1, 1)
bones/89/name = "DEF-toe.L"
bones/89/parent = 88
bones/89/rest = Transform3D(-0.998317, -0.0579698, -0.00145927, -0.0499904, 0.873108, -0.484957, 0.029387, -0.484067, -0.874537, 2.20201e-08, 0.17355, -4.88944e-09)
bones/89/enabled = true
bones/89/position = Vector3(2.20201e-08, 0.17355, -4.88944e-09)
bones/89/rotation = Quaternion(0.0278902, -0.967725, 0.250336, 0.00796875)
bones/89/scale = Vector3(1, 1, 1)
bones/90/name = "DEF-toe.L_end"
bones/90/parent = 89
bones/90/rest = Transform3D(1, 3.40464e-07, 7.54255e-07, -3.40464e-07, 1, 1.68801e-08, -7.54255e-07, -1.68803e-08, 1, -7.90533e-09, 0.0867786, 5.82077e-11)
bones/90/enabled = true
bones/90/position = Vector3(-7.90533e-09, 0.0867786, 5.82077e-11)
bones/90/rotation = Quaternion(-8.44011e-09, 3.77127e-07, -1.70232e-07, 1)
bones/90/scale = Vector3(1, 1, 1)
bones/91/name = "DEF-thigh.R"
bones/91/parent = 0
bones/91/rest = Transform3D(0.868314, -0.0300406, 0.495105, 0.0704584, -0.980572, -0.183066, 0.490986, 0.193843, -0.849328, -0.170107, 0.00901101, -0.00131456)
bones/91/enabled = true
bones/91/position = Vector3(-0.170107, 0.00901101, -0.00131456)
bones/91/rotation = Quaternion(0.961537, 0.0105086, 0.256384, 0.0979966)
bones/91/scale = Vector3(1, 1, 1)
bones/92/name = "DEF-thigh.R.001"
bones/92/parent = 91
bones/92/rest = Transform3D(1, -9.31322e-09, 1.62618e-07, 9.31323e-09, 1, -7.26432e-08, -1.62618e-07, 7.26432e-08, 1, -1.21072e-08, 0.440378, 1.86265e-08)
bones/92/enabled = true
bones/92/position = Vector3(-1.21072e-08, 0.440378, 1.86265e-08)
bones/92/rotation = Quaternion(3.63216e-08, 8.13088e-08, 4.65661e-09, 1)
bones/92/scale = Vector3(1, 1, 1)
bones/93/name = "DEF-shin.R"
bones/93/parent = 92
bones/93/rest = Transform3D(1, -8.75192e-07, -2.20398e-07, 8.59513e-07, 0.998001, -0.0632002, 2.7527e-07, 0.0632002, 0.998001, -2.6077e-08, 0.440378, 1.49012e-08)
bones/93/enabled = true
bones/93/position = Vector3(-2.6077e-08, 0.440378, 1.49012e-08)
bones/93/rotation = Quaternion(0.0316159, -1.23979e-07, 4.33893e-07, 0.9995)
bones/93/scale = Vector3(1, 1, 1)
bones/94/name = "DEF-shin.R.001"
bones/94/parent = 93
bones/94/rest = Transform3D(1, 1.88535e-07, 1.47003e-07, -1.88535e-07, 1, -3.08502e-09, -1.47003e-07, 3.08499e-09, 1, -2.32831e-09, 0.36775, 9.31323e-10)
bones/94/enabled = true
bones/94/position = Vector3(-2.32831e-09, 0.36775, 9.31323e-10)
bones/94/rotation = Quaternion(1.5425e-09, 7.35017e-08, -9.42673e-08, 1)
bones/94/scale = Vector3(1, 1, 1)
bones/95/name = "DEF-foot.R"
bones/95/parent = 94
bones/95/rest = Transform3D(0.848559, 0.447501, -0.282294, 0.00221136, 0.530532, 0.847662, 0.529095, -0.719916, 0.449198, -6.28643e-09, 0.36775, 5.12227e-09)
bones/95/enabled = true
bones/95/position = Vector3(-6.28643e-09, 0.36775, 5.12227e-09)
bones/95/rotation = Quaternion(-0.466055, -0.241233, -0.132389, 0.840876)
bones/95/scale = Vector3(1, 1, 1)
bones/96/name = "DEF-toe.R"
bones/96/parent = 95
bones/96/rest = Transform3D(-0.998317, 0.0579717, 0.0014609, 0.0499912, 0.873108, -0.484957, -0.0293893, -0.484068, -0.874536, -3.37822e-08, 0.173549, 2.64496e-07)
bones/96/enabled = true
bones/96/position = Vector3(-3.37822e-08, 0.173549, 2.64496e-07)
bones/96/rotation = Quaternion(0.0278909, 0.967724, -0.250336, 0.00796979)
bones/96/scale = Vector3(1, 1, 1)
bones/97/name = "DEF-toe.R_end"
bones/97/parent = 96
